/*--------------------------------*- C++ -*----------------------------------*\
  =========                 |
  \\      /  F ield         | OpenFOAM: The Open Source CFD Toolbox
   \\    /   O peration     | Website:  https://openfoam.org
    \\  /    A nd           | Version:  7
     \\/     M anipulation  |
\*---------------------------------------------------------------------------*/
FoamFile
{
    version     2.0;
    format      ascii;
    class       labelList;
    note        "nPoints: 3645 nCells: 2816 nFaces: 9216 nInternalFaces: 7680";
    location    "constant/polyMesh";
    object      neighbour;
}
// * * * * * * * * * * * * * * * * * * * * * * * * * * * * * * * * * * * * * //


7680
(
1
8
64
512
2752
2
9
65
2760
3
10
66
2768
4
11
67
2776
5
12
68
2784
6
13
69
2792
7
14
70
2800
15
71
2808
9
16
72
513
10
17
73
11
18
74
12
19
75
13
20
76
14
21
77
15
22
78
23
79
17
24
80
514
18
25
81
19
26
82
20
27
83
21
28
84
22
29
85
23
30
86
31
87
25
32
88
515
26
33
89
27
34
90
28
35
91
29
36
92
30
37
93
31
38
94
39
95
33
40
96
516
34
41
97
35
42
98
36
43
99
37
44
100
38
45
101
39
46
102
47
103
41
48
104
517
42
49
105
43
50
106
44
51
107
45
52
108
46
53
109
47
54
110
55
111
49
56
112
518
50
57
113
51
58
114
52
59
115
53
60
116
54
61
117
55
62
118
63
119
57
120
519
1848
58
121
1849
59
122
1850
60
123
1851
61
124
1852
62
125
1853
63
126
1854
127
1855
65
72
128
672
2753
66
73
129
2761
67
74
130
2769
68
75
131
2777
69
76
132
2785
70
77
133
2793
71
78
134
2801
79
135
2809
73
80
136
673
74
81
137
75
82
138
76
83
139
77
84
140
78
85
141
79
86
142
87
143
81
88
144
674
82
89
145
83
90
146
84
91
147
85
92
148
86
93
149
87
94
150
95
151
89
96
152
675
90
97
153
91
98
154
92
99
155
93
100
156
94
101
157
95
102
158
103
159
97
104
160
676
98
105
161
99
106
162
100
107
163
101
108
164
102
109
165
103
110
166
111
167
105
112
168
677
106
113
169
107
114
170
108
115
171
109
116
172
110
117
173
111
118
174
119
175
113
120
176
678
114
121
177
115
122
178
116
123
179
117
124
180
118
125
181
119
126
182
127
183
121
184
679
1840
122
185
1841
123
186
1842
124
187
1843
125
188
1844
126
189
1845
127
190
1846
191
1847
129
136
192
832
2754
130
137
193
2762
131
138
194
2770
132
139
195
2778
133
140
196
2786
134
141
197
2794
135
142
198
2802
143
199
2810
137
144
200
833
138
145
201
139
146
202
140
147
203
141
148
204
142
149
205
143
150
206
151
207
145
152
208
834
146
153
209
147
154
210
148
155
211
149
156
212
150
157
213
151
158
214
159
215
153
160
216
835
154
161
217
155
162
218
156
163
219
157
164
220
158
165
221
159
166
222
167
223
161
168
224
836
162
169
225
163
170
226
164
171
227
165
172
228
166
173
229
167
174
230
175
231
169
176
232
837
170
177
233
171
178
234
172
179
235
173
180
236
174
181
237
175
182
238
183
239
177
184
240
838
178
185
241
179
186
242
180
187
243
181
188
244
182
189
245
183
190
246
191
247
185
248
839
1832
186
249
1833
187
250
1834
188
251
1835
189
252
1836
190
253
1837
191
254
1838
255
1839
193
200
256
992
2755
194
201
257
2763
195
202
258
2771
196
203
259
2779
197
204
260
2787
198
205
261
2795
199
206
262
2803
207
263
2811
201
208
264
993
202
209
265
203
210
266
204
211
267
205
212
268
206
213
269
207
214
270
215
271
209
216
272
994
210
217
273
211
218
274
212
219
275
213
220
276
214
221
277
215
222
278
223
279
217
224
280
995
218
225
281
219
226
282
220
227
283
221
228
284
222
229
285
223
230
286
231
287
225
232
288
996
226
233
289
227
234
290
228
235
291
229
236
292
230
237
293
231
238
294
239
295
233
240
296
997
234
241
297
235
242
298
236
243
299
237
244
300
238
245
301
239
246
302
247
303
241
248
304
998
242
249
305
243
250
306
244
251
307
245
252
308
246
253
309
247
254
310
255
311
249
312
999
1824
250
313
1825
251
314
1826
252
315
1827
253
316
1828
254
317
1829
255
318
1830
319
1831
257
264
320
1152
2756
258
265
321
2764
259
266
322
2772
260
267
323
2780
261
268
324
2788
262
269
325
2796
263
270
326
2804
271
327
2812
265
272
328
1153
266
273
329
267
274
330
268
275
331
269
276
332
270
277
333
271
278
334
279
335
273
280
336
1154
274
281
337
275
282
338
276
283
339
277
284
340
278
285
341
279
286
342
287
343
281
288
344
1155
282
289
345
283
290
346
284
291
347
285
292
348
286
293
349
287
294
350
295
351
289
296
352
1156
290
297
353
291
298
354
292
299
355
293
300
356
294
301
357
295
302
358
303
359
297
304
360
1157
298
305
361
299
306
362
300
307
363
301
308
364
302
309
365
303
310
366
311
367
305
312
368
1158
306
313
369
307
314
370
308
315
371
309
316
372
310
317
373
311
318
374
319
375
313
376
1159
1816
314
377
1817
315
378
1818
316
379
1819
317
380
1820
318
381
1821
319
382
1822
383
1823
321
328
384
1312
2757
322
329
385
2765
323
330
386
2773
324
331
387
2781
325
332
388
2789
326
333
389
2797
327
334
390
2805
335
391
2813
329
336
392
1313
330
337
393
331
338
394
332
339
395
333
340
396
334
341
397
335
342
398
343
399
337
344
400
1314
338
345
401
339
346
402
340
347
403
341
348
404
342
349
405
343
350
406
351
407
345
352
408
1315
346
353
409
347
354
410
348
355
411
349
356
412
350
357
413
351
358
414
359
415
353
360
416
1316
354
361
417
355
362
418
356
363
419
357
364
420
358
365
421
359
366
422
367
423
361
368
424
1317
362
369
425
363
370
426
364
371
427
365
372
428
366
373
429
367
374
430
375
431
369
376
432
1318
370
377
433
371
378
434
372
379
435
373
380
436
374
381
437
375
382
438
383
439
377
440
1319
1808
378
441
1809
379
442
1810
380
443
1811
381
444
1812
382
445
1813
383
446
1814
447
1815
385
392
448
1472
2758
386
393
449
2766
387
394
450
2774
388
395
451
2782
389
396
452
2790
390
397
453
2798
391
398
454
2806
399
455
2814
393
400
456
1473
394
401
457
395
402
458
396
403
459
397
404
460
398
405
461
399
406
462
407
463
401
408
464
1474
402
409
465
403
410
466
404
411
467
405
412
468
406
413
469
407
414
470
415
471
409
416
472
1475
410
417
473
411
418
474
412
419
475
413
420
476
414
421
477
415
422
478
423
479
417
424
480
1476
418
425
481
419
426
482
420
427
483
421
428
484
422
429
485
423
430
486
431
487
425
432
488
1477
426
433
489
427
434
490
428
435
491
429
436
492
430
437
493
431
438
494
439
495
433
440
496
1478
434
441
497
435
442
498
436
443
499
437
444
500
438
445
501
439
446
502
447
503
441
504
1479
1800
442
505
1801
443
506
1802
444
507
1803
445
508
1804
446
509
1805
447
510
1806
511
1807
449
456
1632
2759
450
457
2767
451
458
2775
452
459
2783
453
460
2791
454
461
2799
455
462
2807
463
2815
457
464
1633
458
465
459
466
460
467
461
468
462
469
463
470
471
465
472
1634
466
473
467
474
468
475
469
476
470
477
471
478
479
473
480
1635
474
481
475
482
476
483
477
484
478
485
479
486
487
481
488
1636
482
489
483
490
484
491
485
492
486
493
487
494
495
489
496
1637
490
497
491
498
492
499
493
500
494
501
495
502
503
497
504
1638
498
505
499
506
500
507
501
508
502
509
503
510
511
505
1639
1792
506
1793
507
1794
508
1795
509
1796
510
1797
511
1798
1799
513
520
672
514
521
673
515
522
674
516
523
675
517
524
676
518
525
677
519
526
678
527
679
521
528
680
522
529
681
523
530
682
524
531
683
525
532
684
526
533
685
527
534
686
535
687
529
536
688
530
537
689
531
538
690
532
539
691
533
540
692
534
541
693
535
542
694
543
695
537
544
696
538
545
697
539
546
698
540
547
699
541
548
700
542
549
701
543
550
702
551
703
545
552
704
546
553
705
547
554
706
548
555
707
549
556
708
550
557
709
551
558
710
559
711
553
560
712
554
561
713
555
562
714
556
563
715
557
564
716
558
565
717
559
566
718
567
719
561
568
720
562
569
721
563
570
722
564
571
723
565
572
724
566
573
725
567
574
726
575
727
569
576
728
570
577
729
571
578
730
572
579
731
573
580
732
574
581
733
575
582
734
583
735
577
584
736
578
585
737
579
586
738
580
587
739
581
588
740
582
589
741
583
590
742
591
743
585
592
744
586
593
745
587
594
746
588
595
747
589
596
748
590
597
749
591
598
750
599
751
593
600
752
594
601
753
595
602
754
596
603
755
597
604
756
598
605
757
599
606
758
607
759
601
608
760
602
609
761
603
610
762
604
611
763
605
612
764
606
613
765
607
614
766
615
767
609
616
768
610
617
769
611
618
770
612
619
771
613
620
772
614
621
773
615
622
774
623
775
617
624
776
618
625
777
619
626
778
620
627
779
621
628
780
622
629
781
623
630
782
631
783
625
632
784
626
633
785
627
634
786
628
635
787
629
636
788
630
637
789
631
638
790
639
791
633
640
792
634
641
793
635
642
794
636
643
795
637
644
796
638
645
797
639
646
798
647
799
641
648
800
642
649
801
643
650
802
644
651
803
645
652
804
646
653
805
647
654
806
655
807
649
656
808
650
657
809
651
658
810
652
659
811
653
660
812
654
661
813
655
662
814
663
815
657
664
816
658
665
817
659
666
818
660
667
819
661
668
820
662
669
821
663
670
822
671
823
665
824
666
825
667
826
668
827
669
828
670
829
671
830
831
673
680
832
674
681
833
675
682
834
676
683
835
677
684
836
678
685
837
679
686
838
687
839
681
688
840
682
689
841
683
690
842
684
691
843
685
692
844
686
693
845
687
694
846
695
847
689
696
848
690
697
849
691
698
850
692
699
851
693
700
852
694
701
853
695
702
854
703
855
697
704
856
698
705
857
699
706
858
700
707
859
701
708
860
702
709
861
703
710
862
711
863
705
712
864
706
713
865
707
714
866
708
715
867
709
716
868
710
717
869
711
718
870
719
871
713
720
872
714
721
873
715
722
874
716
723
875
717
724
876
718
725
877
719
726
878
727
879
721
728
880
722
729
881
723
730
882
724
731
883
725
732
884
726
733
885
727
734
886
735
887
729
736
888
730
737
889
731
738
890
732
739
891
733
740
892
734
741
893
735
742
894
743
895
737
744
896
738
745
897
739
746
898
740
747
899
741
748
900
742
749
901
743
750
902
751
903
745
752
904
746
753
905
747
754
906
748
755
907
749
756
908
750
757
909
751
758
910
759
911
753
760
912
754
761
913
755
762
914
756
763
915
757
764
916
758
765
917
759
766
918
767
919
761
768
920
762
769
921
763
770
922
764
771
923
765
772
924
766
773
925
767
774
926
775
927
769
776
928
770
777
929
771
778
930
772
779
931
773
780
932
774
781
933
775
782
934
783
935
777
784
936
778
785
937
779
786
938
780
787
939
781
788
940
782
789
941
783
790
942
791
943
785
792
944
786
793
945
787
794
946
788
795
947
789
796
948
790
797
949
791
798
950
799
951
793
800
952
794
801
953
795
802
954
796
803
955
797
804
956
798
805
957
799
806
958
807
959
801
808
960
802
809
961
803
810
962
804
811
963
805
812
964
806
813
965
807
814
966
815
967
809
816
968
810
817
969
811
818
970
812
819
971
813
820
972
814
821
973
815
822
974
823
975
817
824
976
818
825
977
819
826
978
820
827
979
821
828
980
822
829
981
823
830
982
831
983
825
984
826
985
827
986
828
987
829
988
830
989
831
990
991
833
840
992
834
841
993
835
842
994
836
843
995
837
844
996
838
845
997
839
846
998
847
999
841
848
1000
842
849
1001
843
850
1002
844
851
1003
845
852
1004
846
853
1005
847
854
1006
855
1007
849
856
1008
850
857
1009
851
858
1010
852
859
1011
853
860
1012
854
861
1013
855
862
1014
863
1015
857
864
1016
858
865
1017
859
866
1018
860
867
1019
861
868
1020
862
869
1021
863
870
1022
871
1023
865
872
1024
866
873
1025
867
874
1026
868
875
1027
869
876
1028
870
877
1029
871
878
1030
879
1031
873
880
1032
874
881
1033
875
882
1034
876
883
1035
877
884
1036
878
885
1037
879
886
1038
887
1039
881
888
1040
882
889
1041
883
890
1042
884
891
1043
885
892
1044
886
893
1045
887
894
1046
895
1047
889
896
1048
890
897
1049
891
898
1050
892
899
1051
893
900
1052
894
901
1053
895
902
1054
903
1055
897
904
1056
898
905
1057
899
906
1058
900
907
1059
901
908
1060
902
909
1061
903
910
1062
911
1063
905
912
1064
906
913
1065
907
914
1066
908
915
1067
909
916
1068
910
917
1069
911
918
1070
919
1071
913
920
1072
914
921
1073
915
922
1074
916
923
1075
917
924
1076
918
925
1077
919
926
1078
927
1079
921
928
1080
922
929
1081
923
930
1082
924
931
1083
925
932
1084
926
933
1085
927
934
1086
935
1087
929
936
1088
930
937
1089
931
938
1090
932
939
1091
933
940
1092
934
941
1093
935
942
1094
943
1095
937
944
1096
938
945
1097
939
946
1098
940
947
1099
941
948
1100
942
949
1101
943
950
1102
951
1103
945
952
1104
946
953
1105
947
954
1106
948
955
1107
949
956
1108
950
957
1109
951
958
1110
959
1111
953
960
1112
954
961
1113
955
962
1114
956
963
1115
957
964
1116
958
965
1117
959
966
1118
967
1119
961
968
1120
962
969
1121
963
970
1122
964
971
1123
965
972
1124
966
973
1125
967
974
1126
975
1127
969
976
1128
970
977
1129
971
978
1130
972
979
1131
973
980
1132
974
981
1133
975
982
1134
983
1135
977
984
1136
978
985
1137
979
986
1138
980
987
1139
981
988
1140
982
989
1141
983
990
1142
991
1143
985
1144
986
1145
987
1146
988
1147
989
1148
990
1149
991
1150
1151
993
1000
1152
994
1001
1153
995
1002
1154
996
1003
1155
997
1004
1156
998
1005
1157
999
1006
1158
1007
1159
1001
1008
1160
1002
1009
1161
1003
1010
1162
1004
1011
1163
1005
1012
1164
1006
1013
1165
1007
1014
1166
1015
1167
1009
1016
1168
1010
1017
1169
1011
1018
1170
1012
1019
1171
1013
1020
1172
1014
1021
1173
1015
1022
1174
1023
1175
1017
1024
1176
1018
1025
1177
1019
1026
1178
1020
1027
1179
1021
1028
1180
1022
1029
1181
1023
1030
1182
1031
1183
1025
1032
1184
1026
1033
1185
1027
1034
1186
1028
1035
1187
1029
1036
1188
1030
1037
1189
1031
1038
1190
1039
1191
1033
1040
1192
1034
1041
1193
1035
1042
1194
1036
1043
1195
1037
1044
1196
1038
1045
1197
1039
1046
1198
1047
1199
1041
1048
1200
1042
1049
1201
1043
1050
1202
1044
1051
1203
1045
1052
1204
1046
1053
1205
1047
1054
1206
1055
1207
1049
1056
1208
1050
1057
1209
1051
1058
1210
1052
1059
1211
1053
1060
1212
1054
1061
1213
1055
1062
1214
1063
1215
1057
1064
1216
1058
1065
1217
1059
1066
1218
1060
1067
1219
1061
1068
1220
1062
1069
1221
1063
1070
1222
1071
1223
1065
1072
1224
1066
1073
1225
1067
1074
1226
1068
1075
1227
1069
1076
1228
1070
1077
1229
1071
1078
1230
1079
1231
1073
1080
1232
1074
1081
1233
1075
1082
1234
1076
1083
1235
1077
1084
1236
1078
1085
1237
1079
1086
1238
1087
1239
1081
1088
1240
1082
1089
1241
1083
1090
1242
1084
1091
1243
1085
1092
1244
1086
1093
1245
1087
1094
1246
1095
1247
1089
1096
1248
1090
1097
1249
1091
1098
1250
1092
1099
1251
1093
1100
1252
1094
1101
1253
1095
1102
1254
1103
1255
1097
1104
1256
1098
1105
1257
1099
1106
1258
1100
1107
1259
1101
1108
1260
1102
1109
1261
1103
1110
1262
1111
1263
1105
1112
1264
1106
1113
1265
1107
1114
1266
1108
1115
1267
1109
1116
1268
1110
1117
1269
1111
1118
1270
1119
1271
1113
1120
1272
1114
1121
1273
1115
1122
1274
1116
1123
1275
1117
1124
1276
1118
1125
1277
1119
1126
1278
1127
1279
1121
1128
1280
1122
1129
1281
1123
1130
1282
1124
1131
1283
1125
1132
1284
1126
1133
1285
1127
1134
1286
1135
1287
1129
1136
1288
1130
1137
1289
1131
1138
1290
1132
1139
1291
1133
1140
1292
1134
1141
1293
1135
1142
1294
1143
1295
1137
1144
1296
1138
1145
1297
1139
1146
1298
1140
1147
1299
1141
1148
1300
1142
1149
1301
1143
1150
1302
1151
1303
1145
1304
1146
1305
1147
1306
1148
1307
1149
1308
1150
1309
1151
1310
1311
1153
1160
1312
1154
1161
1313
1155
1162
1314
1156
1163
1315
1157
1164
1316
1158
1165
1317
1159
1166
1318
1167
1319
1161
1168
1320
1162
1169
1321
1163
1170
1322
1164
1171
1323
1165
1172
1324
1166
1173
1325
1167
1174
1326
1175
1327
1169
1176
1328
1170
1177
1329
1171
1178
1330
1172
1179
1331
1173
1180
1332
1174
1181
1333
1175
1182
1334
1183
1335
1177
1184
1336
1178
1185
1337
1179
1186
1338
1180
1187
1339
1181
1188
1340
1182
1189
1341
1183
1190
1342
1191
1343
1185
1192
1344
1186
1193
1345
1187
1194
1346
1188
1195
1347
1189
1196
1348
1190
1197
1349
1191
1198
1350
1199
1351
1193
1200
1352
1194
1201
1353
1195
1202
1354
1196
1203
1355
1197
1204
1356
1198
1205
1357
1199
1206
1358
1207
1359
1201
1208
1360
1202
1209
1361
1203
1210
1362
1204
1211
1363
1205
1212
1364
1206
1213
1365
1207
1214
1366
1215
1367
1209
1216
1368
1210
1217
1369
1211
1218
1370
1212
1219
1371
1213
1220
1372
1214
1221
1373
1215
1222
1374
1223
1375
1217
1224
1376
1218
1225
1377
1219
1226
1378
1220
1227
1379
1221
1228
1380
1222
1229
1381
1223
1230
1382
1231
1383
1225
1232
1384
1226
1233
1385
1227
1234
1386
1228
1235
1387
1229
1236
1388
1230
1237
1389
1231
1238
1390
1239
1391
1233
1240
1392
1234
1241
1393
1235
1242
1394
1236
1243
1395
1237
1244
1396
1238
1245
1397
1239
1246
1398
1247
1399
1241
1248
1400
1242
1249
1401
1243
1250
1402
1244
1251
1403
1245
1252
1404
1246
1253
1405
1247
1254
1406
1255
1407
1249
1256
1408
1250
1257
1409
1251
1258
1410
1252
1259
1411
1253
1260
1412
1254
1261
1413
1255
1262
1414
1263
1415
1257
1264
1416
1258
1265
1417
1259
1266
1418
1260
1267
1419
1261
1268
1420
1262
1269
1421
1263
1270
1422
1271
1423
1265
1272
1424
1266
1273
1425
1267
1274
1426
1268
1275
1427
1269
1276
1428
1270
1277
1429
1271
1278
1430
1279
1431
1273
1280
1432
1274
1281
1433
1275
1282
1434
1276
1283
1435
1277
1284
1436
1278
1285
1437
1279
1286
1438
1287
1439
1281
1288
1440
1282
1289
1441
1283
1290
1442
1284
1291
1443
1285
1292
1444
1286
1293
1445
1287
1294
1446
1295
1447
1289
1296
1448
1290
1297
1449
1291
1298
1450
1292
1299
1451
1293
1300
1452
1294
1301
1453
1295
1302
1454
1303
1455
1297
1304
1456
1298
1305
1457
1299
1306
1458
1300
1307
1459
1301
1308
1460
1302
1309
1461
1303
1310
1462
1311
1463
1305
1464
1306
1465
1307
1466
1308
1467
1309
1468
1310
1469
1311
1470
1471
1313
1320
1472
1314
1321
1473
1315
1322
1474
1316
1323
1475
1317
1324
1476
1318
1325
1477
1319
1326
1478
1327
1479
1321
1328
1480
1322
1329
1481
1323
1330
1482
1324
1331
1483
1325
1332
1484
1326
1333
1485
1327
1334
1486
1335
1487
1329
1336
1488
1330
1337
1489
1331
1338
1490
1332
1339
1491
1333
1340
1492
1334
1341
1493
1335
1342
1494
1343
1495
1337
1344
1496
1338
1345
1497
1339
1346
1498
1340
1347
1499
1341
1348
1500
1342
1349
1501
1343
1350
1502
1351
1503
1345
1352
1504
1346
1353
1505
1347
1354
1506
1348
1355
1507
1349
1356
1508
1350
1357
1509
1351
1358
1510
1359
1511
1353
1360
1512
1354
1361
1513
1355
1362
1514
1356
1363
1515
1357
1364
1516
1358
1365
1517
1359
1366
1518
1367
1519
1361
1368
1520
1362
1369
1521
1363
1370
1522
1364
1371
1523
1365
1372
1524
1366
1373
1525
1367
1374
1526
1375
1527
1369
1376
1528
1370
1377
1529
1371
1378
1530
1372
1379
1531
1373
1380
1532
1374
1381
1533
1375
1382
1534
1383
1535
1377
1384
1536
1378
1385
1537
1379
1386
1538
1380
1387
1539
1381
1388
1540
1382
1389
1541
1383
1390
1542
1391
1543
1385
1392
1544
1386
1393
1545
1387
1394
1546
1388
1395
1547
1389
1396
1548
1390
1397
1549
1391
1398
1550
1399
1551
1393
1400
1552
1394
1401
1553
1395
1402
1554
1396
1403
1555
1397
1404
1556
1398
1405
1557
1399
1406
1558
1407
1559
1401
1408
1560
1402
1409
1561
1403
1410
1562
1404
1411
1563
1405
1412
1564
1406
1413
1565
1407
1414
1566
1415
1567
1409
1416
1568
1410
1417
1569
1411
1418
1570
1412
1419
1571
1413
1420
1572
1414
1421
1573
1415
1422
1574
1423
1575
1417
1424
1576
1418
1425
1577
1419
1426
1578
1420
1427
1579
1421
1428
1580
1422
1429
1581
1423
1430
1582
1431
1583
1425
1432
1584
1426
1433
1585
1427
1434
1586
1428
1435
1587
1429
1436
1588
1430
1437
1589
1431
1438
1590
1439
1591
1433
1440
1592
1434
1441
1593
1435
1442
1594
1436
1443
1595
1437
1444
1596
1438
1445
1597
1439
1446
1598
1447
1599
1441
1448
1600
1442
1449
1601
1443
1450
1602
1444
1451
1603
1445
1452
1604
1446
1453
1605
1447
1454
1606
1455
1607
1449
1456
1608
1450
1457
1609
1451
1458
1610
1452
1459
1611
1453
1460
1612
1454
1461
1613
1455
1462
1614
1463
1615
1457
1464
1616
1458
1465
1617
1459
1466
1618
1460
1467
1619
1461
1468
1620
1462
1469
1621
1463
1470
1622
1471
1623
1465
1624
1466
1625
1467
1626
1468
1627
1469
1628
1470
1629
1471
1630
1631
1473
1480
1632
1474
1481
1633
1475
1482
1634
1476
1483
1635
1477
1484
1636
1478
1485
1637
1479
1486
1638
1487
1639
1481
1488
1640
1482
1489
1641
1483
1490
1642
1484
1491
1643
1485
1492
1644
1486
1493
1645
1487
1494
1646
1495
1647
1489
1496
1648
1490
1497
1649
1491
1498
1650
1492
1499
1651
1493
1500
1652
1494
1501
1653
1495
1502
1654
1503
1655
1497
1504
1656
1498
1505
1657
1499
1506
1658
1500
1507
1659
1501
1508
1660
1502
1509
1661
1503
1510
1662
1511
1663
1505
1512
1664
1506
1513
1665
1507
1514
1666
1508
1515
1667
1509
1516
1668
1510
1517
1669
1511
1518
1670
1519
1671
1513
1520
1672
1514
1521
1673
1515
1522
1674
1516
1523
1675
1517
1524
1676
1518
1525
1677
1519
1526
1678
1527
1679
1521
1528
1680
1522
1529
1681
1523
1530
1682
1524
1531
1683
1525
1532
1684
1526
1533
1685
1527
1534
1686
1535
1687
1529
1536
1688
1530
1537
1689
1531
1538
1690
1532
1539
1691
1533
1540
1692
1534
1541
1693
1535
1542
1694
1543
1695
1537
1544
1696
1538
1545
1697
1539
1546
1698
1540
1547
1699
1541
1548
1700
1542
1549
1701
1543
1550
1702
1551
1703
1545
1552
1704
1546
1553
1705
1547
1554
1706
1548
1555
1707
1549
1556
1708
1550
1557
1709
1551
1558
1710
1559
1711
1553
1560
1712
1554
1561
1713
1555
1562
1714
1556
1563
1715
1557
1564
1716
1558
1565
1717
1559
1566
1718
1567
1719
1561
1568
1720
1562
1569
1721
1563
1570
1722
1564
1571
1723
1565
1572
1724
1566
1573
1725
1567
1574
1726
1575
1727
1569
1576
1728
1570
1577
1729
1571
1578
1730
1572
1579
1731
1573
1580
1732
1574
1581
1733
1575
1582
1734
1583
1735
1577
1584
1736
1578
1585
1737
1579
1586
1738
1580
1587
1739
1581
1588
1740
1582
1589
1741
1583
1590
1742
1591
1743
1585
1592
1744
1586
1593
1745
1587
1594
1746
1588
1595
1747
1589
1596
1748
1590
1597
1749
1591
1598
1750
1599
1751
1593
1600
1752
1594
1601
1753
1595
1602
1754
1596
1603
1755
1597
1604
1756
1598
1605
1757
1599
1606
1758
1607
1759
1601
1608
1760
1602
1609
1761
1603
1610
1762
1604
1611
1763
1605
1612
1764
1606
1613
1765
1607
1614
1766
1615
1767
1609
1616
1768
1610
1617
1769
1611
1618
1770
1612
1619
1771
1613
1620
1772
1614
1621
1773
1615
1622
1774
1623
1775
1617
1624
1776
1618
1625
1777
1619
1626
1778
1620
1627
1779
1621
1628
1780
1622
1629
1781
1623
1630
1782
1631
1783
1625
1784
1626
1785
1627
1786
1628
1787
1629
1788
1630
1789
1631
1790
1791
1633
1640
1634
1641
1635
1642
1636
1643
1637
1644
1638
1645
1639
1646
1647
1641
1648
1642
1649
1643
1650
1644
1651
1645
1652
1646
1653
1647
1654
1655
1649
1656
1650
1657
1651
1658
1652
1659
1653
1660
1654
1661
1655
1662
1663
1657
1664
1658
1665
1659
1666
1660
1667
1661
1668
1662
1669
1663
1670
1671
1665
1672
1666
1673
1667
1674
1668
1675
1669
1676
1670
1677
1671
1678
1679
1673
1680
1674
1681
1675
1682
1676
1683
1677
1684
1678
1685
1679
1686
1687
1681
1688
1682
1689
1683
1690
1684
1691
1685
1692
1686
1693
1687
1694
1695
1689
1696
1690
1697
1691
1698
1692
1699
1693
1700
1694
1701
1695
1702
1703
1697
1704
1698
1705
1699
1706
1700
1707
1701
1708
1702
1709
1703
1710
1711
1705
1712
1706
1713
1707
1714
1708
1715
1709
1716
1710
1717
1711
1718
1719
1713
1720
1714
1721
1715
1722
1716
1723
1717
1724
1718
1725
1719
1726
1727
1721
1728
1722
1729
1723
1730
1724
1731
1725
1732
1726
1733
1727
1734
1735
1729
1736
1730
1737
1731
1738
1732
1739
1733
1740
1734
1741
1735
1742
1743
1737
1744
1738
1745
1739
1746
1740
1747
1741
1748
1742
1749
1743
1750
1751
1745
1752
1746
1753
1747
1754
1748
1755
1749
1756
1750
1757
1751
1758
1759
1753
1760
1754
1761
1755
1762
1756
1763
1757
1764
1758
1765
1759
1766
1767
1761
1768
1762
1769
1763
1770
1764
1771
1765
1772
1766
1773
1767
1774
1775
1769
1776
1770
1777
1771
1778
1772
1779
1773
1780
1774
1781
1775
1782
1783
1777
1784
1778
1785
1779
1786
1780
1787
1781
1788
1782
1789
1783
1790
1791
1785
1786
1787
1788
1789
1790
1791
1793
1800
1856
1794
1801
1857
1795
1802
1858
1796
1803
1859
1797
1804
1860
1798
1805
1861
1799
1806
1862
1807
1863
1801
1808
1864
1802
1809
1865
1803
1810
1866
1804
1811
1867
1805
1812
1868
1806
1813
1869
1807
1814
1870
1815
1871
1809
1816
1872
1810
1817
1873
1811
1818
1874
1812
1819
1875
1813
1820
1876
1814
1821
1877
1815
1822
1878
1823
1879
1817
1824
1880
1818
1825
1881
1819
1826
1882
1820
1827
1883
1821
1828
1884
1822
1829
1885
1823
1830
1886
1831
1887
1825
1832
1888
1826
1833
1889
1827
1834
1890
1828
1835
1891
1829
1836
1892
1830
1837
1893
1831
1838
1894
1839
1895
1833
1840
1896
1834
1841
1897
1835
1842
1898
1836
1843
1899
1837
1844
1900
1838
1845
1901
1839
1846
1902
1847
1903
1841
1848
1904
1842
1849
1905
1843
1850
1906
1844
1851
1907
1845
1852
1908
1846
1853
1909
1847
1854
1910
1855
1911
1849
1912
1850
1913
1851
1914
1852
1915
1853
1916
1854
1917
1855
1918
1919
1857
1864
1920
1858
1865
1921
1859
1866
1922
1860
1867
1923
1861
1868
1924
1862
1869
1925
1863
1870
1926
1871
1927
1865
1872
1928
1866
1873
1929
1867
1874
1930
1868
1875
1931
1869
1876
1932
1870
1877
1933
1871
1878
1934
1879
1935
1873
1880
1936
1874
1881
1937
1875
1882
1938
1876
1883
1939
1877
1884
1940
1878
1885
1941
1879
1886
1942
1887
1943
1881
1888
1944
1882
1889
1945
1883
1890
1946
1884
1891
1947
1885
1892
1948
1886
1893
1949
1887
1894
1950
1895
1951
1889
1896
1952
1890
1897
1953
1891
1898
1954
1892
1899
1955
1893
1900
1956
1894
1901
1957
1895
1902
1958
1903
1959
1897
1904
1960
1898
1905
1961
1899
1906
1962
1900
1907
1963
1901
1908
1964
1902
1909
1965
1903
1910
1966
1911
1967
1905
1912
1968
1906
1913
1969
1907
1914
1970
1908
1915
1971
1909
1916
1972
1910
1917
1973
1911
1918
1974
1919
1975
1913
1976
1914
1977
1915
1978
1916
1979
1917
1980
1918
1981
1919
1982
1983
1921
1928
1984
1922
1929
1985
1923
1930
1986
1924
1931
1987
1925
1932
1988
1926
1933
1989
1927
1934
1990
1935
1991
1929
1936
1992
1930
1937
1993
1931
1938
1994
1932
1939
1995
1933
1940
1996
1934
1941
1997
1935
1942
1998
1943
1999
1937
1944
2000
1938
1945
2001
1939
1946
2002
1940
1947
2003
1941
1948
2004
1942
1949
2005
1943
1950
2006
1951
2007
1945
1952
2008
1946
1953
2009
1947
1954
2010
1948
1955
2011
1949
1956
2012
1950
1957
2013
1951
1958
2014
1959
2015
1953
1960
2016
1954
1961
2017
1955
1962
2018
1956
1963
2019
1957
1964
2020
1958
1965
2021
1959
1966
2022
1967
2023
1961
1968
2024
1962
1969
2025
1963
1970
2026
1964
1971
2027
1965
1972
2028
1966
1973
2029
1967
1974
2030
1975
2031
1969
1976
2032
1970
1977
2033
1971
1978
2034
1972
1979
2035
1973
1980
2036
1974
1981
2037
1975
1982
2038
1983
2039
1977
2040
1978
2041
1979
2042
1980
2043
1981
2044
1982
2045
1983
2046
2047
1985
1992
2048
1986
1993
2049
1987
1994
2050
1988
1995
2051
1989
1996
2052
1990
1997
2053
1991
1998
2054
1999
2055
1993
2000
2056
1994
2001
2057
1995
2002
2058
1996
2003
2059
1997
2004
2060
1998
2005
2061
1999
2006
2062
2007
2063
2001
2008
2064
2002
2009
2065
2003
2010
2066
2004
2011
2067
2005
2012
2068
2006
2013
2069
2007
2014
2070
2015
2071
2009
2016
2072
2010
2017
2073
2011
2018
2074
2012
2019
2075
2013
2020
2076
2014
2021
2077
2015
2022
2078
2023
2079
2017
2024
2080
2018
2025
2081
2019
2026
2082
2020
2027
2083
2021
2028
2084
2022
2029
2085
2023
2030
2086
2031
2087
2025
2032
2088
2026
2033
2089
2027
2034
2090
2028
2035
2091
2029
2036
2092
2030
2037
2093
2031
2038
2094
2039
2095
2033
2040
2096
2034
2041
2097
2035
2042
2098
2036
2043
2099
2037
2044
2100
2038
2045
2101
2039
2046
2102
2047
2103
2041
2104
2042
2105
2043
2106
2044
2107
2045
2108
2046
2109
2047
2110
2111
2049
2056
2112
2050
2057
2113
2051
2058
2114
2052
2059
2115
2053
2060
2116
2054
2061
2117
2055
2062
2118
2063
2119
2057
2064
2120
2058
2065
2121
2059
2066
2122
2060
2067
2123
2061
2068
2124
2062
2069
2125
2063
2070
2126
2071
2127
2065
2072
2128
2066
2073
2129
2067
2074
2130
2068
2075
2131
2069
2076
2132
2070
2077
2133
2071
2078
2134
2079
2135
2073
2080
2136
2074
2081
2137
2075
2082
2138
2076
2083
2139
2077
2084
2140
2078
2085
2141
2079
2086
2142
2087
2143
2081
2088
2144
2082
2089
2145
2083
2090
2146
2084
2091
2147
2085
2092
2148
2086
2093
2149
2087
2094
2150
2095
2151
2089
2096
2152
2090
2097
2153
2091
2098
2154
2092
2099
2155
2093
2100
2156
2094
2101
2157
2095
2102
2158
2103
2159
2097
2104
2160
2098
2105
2161
2099
2106
2162
2100
2107
2163
2101
2108
2164
2102
2109
2165
2103
2110
2166
2111
2167
2105
2168
2106
2169
2107
2170
2108
2171
2109
2172
2110
2173
2111
2174
2175
2113
2120
2176
2114
2121
2177
2115
2122
2178
2116
2123
2179
2117
2124
2180
2118
2125
2181
2119
2126
2182
2127
2183
2121
2128
2184
2122
2129
2185
2123
2130
2186
2124
2131
2187
2125
2132
2188
2126
2133
2189
2127
2134
2190
2135
2191
2129
2136
2192
2130
2137
2193
2131
2138
2194
2132
2139
2195
2133
2140
2196
2134
2141
2197
2135
2142
2198
2143
2199
2137
2144
2200
2138
2145
2201
2139
2146
2202
2140
2147
2203
2141
2148
2204
2142
2149
2205
2143
2150
2206
2151
2207
2145
2152
2208
2146
2153
2209
2147
2154
2210
2148
2155
2211
2149
2156
2212
2150
2157
2213
2151
2158
2214
2159
2215
2153
2160
2216
2154
2161
2217
2155
2162
2218
2156
2163
2219
2157
2164
2220
2158
2165
2221
2159
2166
2222
2167
2223
2161
2168
2224
2162
2169
2225
2163
2170
2226
2164
2171
2227
2165
2172
2228
2166
2173
2229
2167
2174
2230
2175
2231
2169
2232
2170
2233
2171
2234
2172
2235
2173
2236
2174
2237
2175
2238
2239
2177
2184
2240
2178
2185
2241
2179
2186
2242
2180
2187
2243
2181
2188
2244
2182
2189
2245
2183
2190
2246
2191
2247
2185
2192
2248
2186
2193
2249
2187
2194
2250
2188
2195
2251
2189
2196
2252
2190
2197
2253
2191
2198
2254
2199
2255
2193
2200
2256
2194
2201
2257
2195
2202
2258
2196
2203
2259
2197
2204
2260
2198
2205
2261
2199
2206
2262
2207
2263
2201
2208
2264
2202
2209
2265
2203
2210
2266
2204
2211
2267
2205
2212
2268
2206
2213
2269
2207
2214
2270
2215
2271
2209
2216
2272
2210
2217
2273
2211
2218
2274
2212
2219
2275
2213
2220
2276
2214
2221
2277
2215
2222
2278
2223
2279
2217
2224
2280
2218
2225
2281
2219
2226
2282
2220
2227
2283
2221
2228
2284
2222
2229
2285
2223
2230
2286
2231
2287
2225
2232
2288
2226
2233
2289
2227
2234
2290
2228
2235
2291
2229
2236
2292
2230
2237
2293
2231
2238
2294
2239
2295
2233
2296
2234
2297
2235
2298
2236
2299
2237
2300
2238
2301
2239
2302
2303
2241
2248
2242
2249
2243
2250
2244
2251
2245
2252
2246
2253
2247
2254
2255
2249
2256
2250
2257
2251
2258
2252
2259
2253
2260
2254
2261
2255
2262
2263
2257
2264
2258
2265
2259
2266
2260
2267
2261
2268
2262
2269
2263
2270
2271
2265
2272
2266
2273
2267
2274
2268
2275
2269
2276
2270
2277
2271
2278
2279
2273
2280
2274
2281
2275
2282
2276
2283
2277
2284
2278
2285
2279
2286
2287
2281
2288
2282
2289
2283
2290
2284
2291
2285
2292
2286
2293
2287
2294
2295
2289
2296
2290
2297
2291
2298
2292
2299
2293
2300
2294
2301
2295
2302
2303
2297
2298
2299
2300
2301
2302
2303
2305
2312
2368
2306
2313
2369
2307
2314
2370
2308
2315
2371
2309
2316
2372
2310
2317
2373
2311
2318
2374
2319
2375
2313
2320
2376
2314
2321
2377
2315
2322
2378
2316
2323
2379
2317
2324
2380
2318
2325
2381
2319
2326
2382
2327
2383
2321
2328
2384
2322
2329
2385
2323
2330
2386
2324
2331
2387
2325
2332
2388
2326
2333
2389
2327
2334
2390
2335
2391
2329
2336
2392
2330
2337
2393
2331
2338
2394
2332
2339
2395
2333
2340
2396
2334
2341
2397
2335
2342
2398
2343
2399
2337
2344
2400
2338
2345
2401
2339
2346
2402
2340
2347
2403
2341
2348
2404
2342
2349
2405
2343
2350
2406
2351
2407
2345
2352
2408
2346
2353
2409
2347
2354
2410
2348
2355
2411
2349
2356
2412
2350
2357
2413
2351
2358
2414
2359
2415
2353
2360
2416
2354
2361
2417
2355
2362
2418
2356
2363
2419
2357
2364
2420
2358
2365
2421
2359
2366
2422
2367
2423
2361
2424
2362
2425
2363
2426
2364
2427
2365
2428
2366
2429
2367
2430
2431
2369
2376
2432
2370
2377
2433
2371
2378
2434
2372
2379
2435
2373
2380
2436
2374
2381
2437
2375
2382
2438
2383
2439
2377
2384
2440
2378
2385
2441
2379
2386
2442
2380
2387
2443
2381
2388
2444
2382
2389
2445
2383
2390
2446
2391
2447
2385
2392
2448
2386
2393
2449
2387
2394
2450
2388
2395
2451
2389
2396
2452
2390
2397
2453
2391
2398
2454
2399
2455
2393
2400
2456
2394
2401
2457
2395
2402
2458
2396
2403
2459
2397
2404
2460
2398
2405
2461
2399
2406
2462
2407
2463
2401
2408
2464
2402
2409
2465
2403
2410
2466
2404
2411
2467
2405
2412
2468
2406
2413
2469
2407
2414
2470
2415
2471
2409
2416
2472
2410
2417
2473
2411
2418
2474
2412
2419
2475
2413
2420
2476
2414
2421
2477
2415
2422
2478
2423
2479
2417
2424
2480
2418
2425
2481
2419
2426
2482
2420
2427
2483
2421
2428
2484
2422
2429
2485
2423
2430
2486
2431
2487
2425
2488
2426
2489
2427
2490
2428
2491
2429
2492
2430
2493
2431
2494
2495
2433
2440
2496
2434
2441
2497
2435
2442
2498
2436
2443
2499
2437
2444
2500
2438
2445
2501
2439
2446
2502
2447
2503
2441
2448
2504
2442
2449
2505
2443
2450
2506
2444
2451
2507
2445
2452
2508
2446
2453
2509
2447
2454
2510
2455
2511
2449
2456
2512
2450
2457
2513
2451
2458
2514
2452
2459
2515
2453
2460
2516
2454
2461
2517
2455
2462
2518
2463
2519
2457
2464
2520
2458
2465
2521
2459
2466
2522
2460
2467
2523
2461
2468
2524
2462
2469
2525
2463
2470
2526
2471
2527
2465
2472
2528
2466
2473
2529
2467
2474
2530
2468
2475
2531
2469
2476
2532
2470
2477
2533
2471
2478
2534
2479
2535
2473
2480
2536
2474
2481
2537
2475
2482
2538
2476
2483
2539
2477
2484
2540
2478
2485
2541
2479
2486
2542
2487
2543
2481
2488
2544
2482
2489
2545
2483
2490
2546
2484
2491
2547
2485
2492
2548
2486
2493
2549
2487
2494
2550
2495
2551
2489
2552
2490
2553
2491
2554
2492
2555
2493
2556
2494
2557
2495
2558
2559
2497
2504
2560
2498
2505
2561
2499
2506
2562
2500
2507
2563
2501
2508
2564
2502
2509
2565
2503
2510
2566
2511
2567
2505
2512
2568
2506
2513
2569
2507
2514
2570
2508
2515
2571
2509
2516
2572
2510
2517
2573
2511
2518
2574
2519
2575
2513
2520
2576
2514
2521
2577
2515
2522
2578
2516
2523
2579
2517
2524
2580
2518
2525
2581
2519
2526
2582
2527
2583
2521
2528
2584
2522
2529
2585
2523
2530
2586
2524
2531
2587
2525
2532
2588
2526
2533
2589
2527
2534
2590
2535
2591
2529
2536
2592
2530
2537
2593
2531
2538
2594
2532
2539
2595
2533
2540
2596
2534
2541
2597
2535
2542
2598
2543
2599
2537
2544
2600
2538
2545
2601
2539
2546
2602
2540
2547
2603
2541
2548
2604
2542
2549
2605
2543
2550
2606
2551
2607
2545
2552
2608
2546
2553
2609
2547
2554
2610
2548
2555
2611
2549
2556
2612
2550
2557
2613
2551
2558
2614
2559
2615
2553
2616
2554
2617
2555
2618
2556
2619
2557
2620
2558
2621
2559
2622
2623
2561
2568
2624
2562
2569
2625
2563
2570
2626
2564
2571
2627
2565
2572
2628
2566
2573
2629
2567
2574
2630
2575
2631
2569
2576
2632
2570
2577
2633
2571
2578
2634
2572
2579
2635
2573
2580
2636
2574
2581
2637
2575
2582
2638
2583
2639
2577
2584
2640
2578
2585
2641
2579
2586
2642
2580
2587
2643
2581
2588
2644
2582
2589
2645
2583
2590
2646
2591
2647
2585
2592
2648
2586
2593
2649
2587
2594
2650
2588
2595
2651
2589
2596
2652
2590
2597
2653
2591
2598
2654
2599
2655
2593
2600
2656
2594
2601
2657
2595
2602
2658
2596
2603
2659
2597
2604
2660
2598
2605
2661
2599
2606
2662
2607
2663
2601
2608
2664
2602
2609
2665
2603
2610
2666
2604
2611
2667
2605
2612
2668
2606
2613
2669
2607
2614
2670
2615
2671
2609
2616
2672
2610
2617
2673
2611
2618
2674
2612
2619
2675
2613
2620
2676
2614
2621
2677
2615
2622
2678
2623
2679
2617
2680
2618
2681
2619
2682
2620
2683
2621
2684
2622
2685
2623
2686
2687
2625
2632
2688
2626
2633
2689
2627
2634
2690
2628
2635
2691
2629
2636
2692
2630
2637
2693
2631
2638
2694
2639
2695
2633
2640
2696
2634
2641
2697
2635
2642
2698
2636
2643
2699
2637
2644
2700
2638
2645
2701
2639
2646
2702
2647
2703
2641
2648
2704
2642
2649
2705
2643
2650
2706
2644
2651
2707
2645
2652
2708
2646
2653
2709
2647
2654
2710
2655
2711
2649
2656
2712
2650
2657
2713
2651
2658
2714
2652
2659
2715
2653
2660
2716
2654
2661
2717
2655
2662
2718
2663
2719
2657
2664
2720
2658
2665
2721
2659
2666
2722
2660
2667
2723
2661
2668
2724
2662
2669
2725
2663
2670
2726
2671
2727
2665
2672
2728
2666
2673
2729
2667
2674
2730
2668
2675
2731
2669
2676
2732
2670
2677
2733
2671
2678
2734
2679
2735
2673
2680
2736
2674
2681
2737
2675
2682
2738
2676
2683
2739
2677
2684
2740
2678
2685
2741
2679
2686
2742
2687
2743
2681
2744
2682
2745
2683
2746
2684
2747
2685
2748
2686
2749
2687
2750
2751
2689
2696
2752
2690
2697
2753
2691
2698
2754
2692
2699
2755
2693
2700
2756
2694
2701
2757
2695
2702
2758
2703
2759
2697
2704
2760
2698
2705
2761
2699
2706
2762
2700
2707
2763
2701
2708
2764
2702
2709
2765
2703
2710
2766
2711
2767
2705
2712
2768
2706
2713
2769
2707
2714
2770
2708
2715
2771
2709
2716
2772
2710
2717
2773
2711
2718
2774
2719
2775
2713
2720
2776
2714
2721
2777
2715
2722
2778
2716
2723
2779
2717
2724
2780
2718
2725
2781
2719
2726
2782
2727
2783
2721
2728
2784
2722
2729
2785
2723
2730
2786
2724
2731
2787
2725
2732
2788
2726
2733
2789
2727
2734
2790
2735
2791
2729
2736
2792
2730
2737
2793
2731
2738
2794
2732
2739
2795
2733
2740
2796
2734
2741
2797
2735
2742
2798
2743
2799
2737
2744
2800
2738
2745
2801
2739
2746
2802
2740
2747
2803
2741
2748
2804
2742
2749
2805
2743
2750
2806
2751
2807
2745
2808
2746
2809
2747
2810
2748
2811
2749
2812
2750
2813
2751
2814
2815
2753
2760
2754
2761
2755
2762
2756
2763
2757
2764
2758
2765
2759
2766
2767
2761
2768
2762
2769
2763
2770
2764
2771
2765
2772
2766
2773
2767
2774
2775
2769
2776
2770
2777
2771
2778
2772
2779
2773
2780
2774
2781
2775
2782
2783
2777
2784
2778
2785
2779
2786
2780
2787
2781
2788
2782
2789
2783
2790
2791
2785
2792
2786
2793
2787
2794
2788
2795
2789
2796
2790
2797
2791
2798
2799
2793
2800
2794
2801
2795
2802
2796
2803
2797
2804
2798
2805
2799
2806
2807
2801
2808
2802
2809
2803
2810
2804
2811
2805
2812
2806
2813
2807
2814
2815
2809
2810
2811
2812
2813
2814
2815
)


// ************************************************************************* //
